0.07579708099365234
0.7569761276245117
0.22838902473449707
1.9318339824676514
0.7659516334533691
1.3663463592529297
0.6622292995452881
0.7120962142944336
0.5754616260528564
5.239988803863525
2.145263195037842
5.024564504623413

560.1075541973114
498.6514310836792
194.10800433158875
119.05837392807007
103.86858630180359
90.3836133480072
124.44502186775208
166.79847121238708
153.6833233833313
73.24782085418701
81.80640172958374
136.5176386833191

21.179367303848267
21.203303575515747
21.196322202682495
21.17537760734558
21.463606357574463
21.461612701416016
21.44291591644287
21.559351205825806
21.480119705200195
21.261264324188232
21.436679124832153
21.287078857421875

0.1655573844909668
0.37399959564208984
0.39102745056152344
3.108687400817871
1.583765983581543
2.794528007507324
1.2795782089233398
1.7812421321868896
1.4441425800323486
1.5867602825164795
2.198246479034424
2.0560097694396973

